-16
1927
-2261
-1230
206
-223
-1924
2361
1201
-1297
-608
-67
2352
2214
36
411
-756
-673
1306
-1611
1438
-462
-1754
-2010
-2140
-2152
91
-1863
-1120
-2011
-1540
185
1375
338
1318
-718
-2142
-571
1755
1972
239
1234
531
-1895
-415
-70
166
270
2083
404
1066
-2136
-478
2393
1071
346
2114
-1500
1015
-438
-1417
2087
-1459
11
1716
-1002
-1452
1152
959
1196
1254
2280
-410
-209
356
-346
309
-2129
945
-517
-303
852
-841
-228
283
836
-1538
-61
-613
-500
-1830
-1966
-1836
1273
1156
1021
53
1499
-908
-1223
-1973
-1127
-1622
-1103
686
2055
1630
-775
-296
-1916
525
-37
-1073
2212
867
-2040
-1573
2374
883
1701
-1602
736
-2054
2330
-2200
-116
-2285
-1162
-2219
-368
772
-1593
810
1446
-979
1870
-1195
1942
-927
-2132
-1539
-1887
-1497
711
-2286
-1580
1128
-19
-596
-1852
60
-2441
-1064
-913
-1234
901
1153
-1640
-2334
2431
2123
-980
-451
2377
-985
-2373
2009
-2272
-680
-1394
-848
1733
1211
386
-1249
515
1494
-1740
794
-1288
874
-1770
1122
2057
2420
1383
-2028
1756
1355
-2206
2222
1773
848
152
1890
-124
2210
-1691
0
-837
-402
-1660
-1294
-2108
-804
-728
-2403
-2357
-1621
-1492
-242
972
1436
286
336
-859
-1347
-739
1509
-935
-239
403
1364
-1026
150
490
979
1232
-95
-2420
787
-1921
619
-1220
886
1391
-886
-326
2136
2103
-957
-1551
-1849
1850
-1995
-870
1721
-1009
-54
784
1929
-1715
-726
-2173
1184
631
1345
2185
1822
1795
1439
-1322
-504
-75
-2179
-971
-1224
-1549
-174
2028
-361
1103
930
999
1977
-1173
1738
-1475
-2287
1120
483
-2368
139
952
-1513
1549
255
366
1764
1197
467
704
-1685
-1115
-2371
2362
1572
1188
-1099
1568
1985
-2408
1051
-1771
1711
-1936
-1909
-476
1997
1010
15
-2174
-1661
-1019
747
-1308
-534
-1702
-1207
-1240
-666
-1335
1830
-1365
-2466
374
1235
-1184
-1653
349
-1858
213
941
746
2399
-1968
-2019
1148
1926
922
-2457
-1130
695
-2038
-2419
-704
1849
-815
1486
583
1455
2197
-14
-1001
791
1944
1096
-2366
2233
362
-1382
1748
-1813
1678
533
1635
368
2369
-669
2
16
304
2440
788
1667
-2225
-793
271
189
2345
-1997
1841
-1437
-2135
-2333
2006
-615
63
422
75
1955
1356
418
2202
-943
1488
-1410
1090
221
-453
-1030
1917
-999
976
-1952
-903
-2383
-1616
-767
916
-812
-1718
1309
-2107
-991
-1566
-399
826
-651
-874
2379
-1315
-1638
-525
-1438
-532
12
1016
1158
1757
2205
-1725
1768
-810
-43
-2093
-2379
-637
-626
-1045
-2007
211
1819
2355
579
-420
792
610
23
-2003
859
1999
-1256
-2059
-145
-257
-2150
-2274
-315
137
1753
-2401
2156
-1018
1082
-1281
-2458
-2016
1626
-1806
-665
1769
183
2497
26
-434
1633
-861
2179
725
-182
-112
64
2064
1581
57
1975
1933
-752
210
653
13
2397
1278
2334
681
-663
-1851
444
-2497
1675
-2170
-531
-2141
1788
-2154
-768
1094
427
1431
2229
426
-1707
2487
2478
122
-2324
-833
877
-602
1335
-664
400
-1749
1227
200
-2407
238
582
-2213
906
-1309
-581
1167
-1393
1844
-1753
2031
510
-2086
973
-2199
-1277
-1888
-2085
-1466
2066
-1229
-576
1654
-2260
1092
-2412
1326
241
986
2360
1223
-1269
822
1460
337
-1040
-1846
-668
37
3
1414
-2073
1504
1147
465
1548
340
1483
-1242
2196
445
1614
420
-1436
29
302
306
1889
-328
-2447
-454
-9
-761
2201
82
-1545
-622
-1939
2257
2303
-847
1289
2223
-166
-201
-820
-627
742
-2039
2193
-1747
-1536
162
894
-832
2190
-212
2033
1697
-2244
-1465
-493
1032
-1867
-486
-167
-838
2209
-1354
936
396
-1526
824
2319
1860
1696
-1233
1903
-436
568
1056
1276
-2037
-1350
-2012
843
803
-2363
-1054
1712
1880
-2385
1879
-324
196
2054
-1344
509
1018
94
-2242
-1252
1833
-1128
1449
-1651
-195
-716
2492
-2196
-333
1658
-1435
-2347
-1287
-72
351
-2402
1698
2392
423
-301
2304
703
1155
-1211
1226
2253
2132
-1581
-1032
-795
-1618
-503
-1598
-1447
-1688
-2102
-2254
679
-243
778
303
-62
2183
-1121
2099
-260
-2468
-270
388
-235
-1171
145
2082
1982
1526
-707
135
1538
-12
1534
722
-1700
-2127
-873
-1187
2483
735
1644
2162
-1442
-1119
1692
846
1576
-1484
-2169
-2014
873
-370
-799
-724
266
1445
-827
1950
-1469
-2080
-2036
2218
-1919
800
190
-649
-1777
-1508
-1606
-2439
1990
2305
-2433
224
-401
1506
-695
-2394
2485
-2284
2256
-2455
-630
970
1857
416
2317
833
-1520
937
-784
-2477
678
-159
235
761
115
-1111
1360
1200
-693
-485
1862
2389
-1820
994
-1441
217
1511
-473
605
-743
-1247
-1666
-1310
-444
46
-2017
201
571
-7
-1419
-787
-330
1324
-1076
-1785
2157
1557
-826
1541
-1670
-816
-74
-325
-1752
-1329
2263
-2321
2129
1207
-1290
1911
-2378
-1003
-1528
-381
-948
1209
1665
-806
-2341
-1975
428
-282
1191
-782
830
-335
1995
-1141
-966
-1068
-1643
2234
1423
-1400
1512
1919
-452
2410
-730
-624
1314
-515
1703
1702
1742
2277
-1591
-2268
95
236
1312
360
1940
1396
-1427
2164
2075
429
399
-869
1946
1393
1280
-2350
-938
-1781
1064
-2482
1105
-1876
2181
546
1024
1659
106
532
1161
-2172
-2277
1107
1523
2194
488
2254
-2153
-501
967
-373
966
947
-413
-2233
987
-554
-1483
1435
-1930
2176
197
-1334
2239
-1676
-1717
1670
-588
1038
1923
2326
570
1230
-341
2338
2272
2264
117
1141
1838
1039
1528
1113
74
-1428
-227
123
-2070
240
-230
1766
-2270
-522
739
-357
258
1605
-551
251
1661
-1597
-731
-2119
1404
-1088
1527
-1451
603
138
-2328
-1570
2395
1737
225
1882
-69
813
2314
1257
-1855
469
-1015
2285
-658
-2130
-2053
2032
585
-2340
-677
1717
-258
797
-2345
1632
-314
1532
1260
2496
1804
-953
2118
938
28
-1209
1443
-1490
-1196
-229
-922
-1587
-2180
-1324
202
539
-2251
1308
1485
-1956
-2310
559
-932
-759
1219
1047
-29
-110
-1491
1536
432
-1756
-2211
1565
1539
-961
-1809
1789
-882
615
-936
731
2500
-777
-2220
1602
-1326
1315
2187
1763
1212
-198
-27
-488
1778
-111
-1434
650
-1280
-2165
-644
449
1624
2025
1432
943
2004
-1405
-2269
-2338
1615
1791
49
2457
-1488
-1360
628
-1635
1827
1129
1374
442
-1557
1237
-1954
-717
1492
-2436
1456
2461
501
-643
-2426
-90
-586
1744
-1571
1785
1759
-160
-2255
849
1732
-1035
2224
2435
1814
-463
-1576
2119
960
-1021
974
-1814
-1590
1296
328
-1999
-1743
588
-1155
1041
1502
-2187
-2094
-734
1707
-1210
933
2428
2421
268
2448
1172
1053
-2362
134
-2062
-757
953
-678
2442
-1982
-705
1858
2425
2357
-1348
2204
-2227
58
-1361
-1208
-2331
1823
2080
1111
1313
1014
-2295
503
-655
-1300
-2319
1829
1598
-912
-492
179
1084
507
1377
1303
-1946
-942
278
1843
-1169
-1479
244
193
-2044
1115
-1378
-283
474
1691
-349
1930
910
1398
-1847
-1355
497
2481
-550
1448
-2193
-955
942
-856
-193
1656
-529
2358
818
-1471
-748
-1889
1091
-2431
-904
920
689
-1683
-528
-2032
-2490
480
544
2415
161
1904
-732
-1086
1143
-2467
-2060
740
1406
-2203
-1668
-336
762
925
-154
1601
363
-155
1761
-2485
-1903
-297
-365
-422
-2478
-224
-1042
358
350
-867
730
2100
-1028
-49
1647
-1250
1681
-1343
2056
-2125
-446
1181
-2299
-1332
-450
181
495
917
-1188
2468
2127
547
-152
1190
-366
-1156
-2229
-1724
2387
-1723
-755
177
2171
1575
425
-1477
-178
-308
-56
-443
-1623
-1837
260
1405
-2257
834
-1464
1550
889
-910
989
398
-1764
-1375
1182
-1317
905
-853
1231
-2360
-495
-2084
-237
-2156
2382
-621
367
-2197
2433
-1711
128
-2223
2261
-202
-1272
2456
-138
1442
-2413
1097
-1989
-17
855
-1010
1177
-1745
437
146
277
1589
-1189
1515
1591
-1179
-79
-687
-1024
505
1961
-1349
-177
1577
1233
-1710
-2353
-682
-428
-1735
-1181
928
-2346
2036
-1880
-1456
2227
720
2281
-703
-447
-1738
-2
-2464
-1652
-600
-2496
-2446
985
-1559
-199
2063
-1091
1628
-2167
-1922
-1562
2390
-1239
-590
-1341
885
-1031
2038
-1564
-1304
-1158
-1955
625
377
-871
2329
-299
-2217
-1906
862
-20
577
1163
2060
1792
-356
-1869
-950
1078
-1842
573
2465
-211
406
2462
-605
-1067
-190
-958
1135
-100
-1944
1482
245
1100
-1285
-295
-458
-2323
-1165
1247
871
1279
151
1586
-1984
2166
-307
1637
-2009
-566
-2030
1734
-389
-1561
-625
-733
-592
-2289
-1333
1166
1461
-738
809
2297
-2164
-2392
-583
-1790
2189
1217
-1454
-1077
-113
1607
-380
-1270
1976
288
2422
2167
748
-896
-367
-968
-915
-1430
-604
-697
-379
1394
-1020
-2071
-1544
2275
1193
2225
-2304
-240
-1222
1846
-2247
-2428
-610
-2492
-1424
2168
1130
2027
1000
1019
-1253
567
759
1104
-412
774
1421
1623
493
-1007
1343
2106
-2065
685
861
1855
1839
-692
-965
-2489
1918
-204
-423
-970
1590
-890
502
2470
-465
-2377
-130
670
402
2143
-21
1127
326
839
-2171
-1495
518
2343
1385
-292
-1276
1513
990
1325
1346
626
-2091
647
-646
-426
156
1683
1475
-1664
-2236
1386
232
963
-1731
-818
-261
1802
-51
-1313
335
-147
-1948
1524
1544
1363
-1235
-1364
220
2467
1093
-2416
743
1981
1825
529
-881
263
-1338
1473
1272
-840
-1025
-1654
-1282
-854
1831
717
1730
2378
311
61
2116
2109
825
86
-1444
1036
-318
2298
705
-1626
2424
-1546
-278
108
97
2337
1542
1853
-2250
-1429
-1845
-719
-39
2309
1793
291
-1584
-2481
-2500
-1320
-2198
-1901
-779
-783
-2463
-639
-268
1573
-1095
462
-1259
1242
2406
-2301
-2302
-81
1611
2094
1437
1726
1684
1775
2090
1081
2296
-23
-563
-612
1144
1724
-1372
1731
-2192
954
-133
-1423
890
2302
-1774
1407
-1227
-1844
-1648
-1292
1376
111
-129
-888
1558
-184
2293
-2424
1055
622
-2473
-1801
-2317
658
1963
-2404
530
-2069
-2139
-763
140
-686
1537
-351
-723
1083
-208
1837
-312
2113
-214
253
1472
69
773
-2088
1426
-1356
1062
2110
-300
1451
401
1422
477
-2138
-1750
-981
1899
-1481
-2048
-464
1897
2447
-653
1074
1444
669
-482
1873
1381
-1850
526
-877
971
1295
763
331
-679
-650
-2265
-633
2152
1836
1171
-914
-1687
-1153
535
364
-175
-1266
1699
1998
553
321
-585
517
-1080
-1605
1799
-288
-825
718
1779
-53
-1038
-117
1714
96
-1066
1327
-2437
-523
2490
2268
-895
-1102
2092
-780
1307
2402
-1649
935
663
487
301
1454
154
1552
1651
2418
1063
-1106
76
2101
-1527
-1264
1909
-414
921
-998
1987
1954
1297
1304
-101
-2226
591
864
-2049
1561
723
-1620
728
-219
-1832
741
909
-572
1358
958
2169
-921
1301
-1215
-289
-2063
-1784
2226
-1420
27
80
-2066
-2396
1402
1686
-2051
178
1606
1465
1413
-727
-1136
823
-1445
2068
-1934
83
1255
708
2444
-2308
-128
-1486
361
-151
454
2134
-1401
-1733
-2238
412
279
-490
-2494
-2064
-766
124
1503
-959
542
-2121
2322
383
2464
-636
981
1643
878
-187
405
616
-580
1286
-421
-947
-348
1652
-1449
-1902
65
-1132
-221
-875
-811
860
-1135
-1642
-1408
-405
-507
-2175
1780
-1470
-34
299
1729
494
339
2354
2351
307
132
-1859
305
1653
1554
-2246
948
2294
-1841
-1856
1013
308
-1177
-1144
-2312
536
-652
182
1222
-25
-839
564
563
1867
512
-2418
-574
-1892
881
782
-206
-545
-1450
-262
592
-905
-1751
-1241
-1363
-2487
1720
-2307
-2110
828
478
654
-1284
-661
-1145
1117
-769
2142
1980
-2300
-709
-1637
2274
-851
-1123
-1918
-578
2477
-1625
1481
1905
1224
-537
-1569
1180
1994
2219
-944
980
500
-2183
-363
1270
-1510
1505
1269
646
-1016
-1586
-1634
1003
1685
2412
-2316
-1780
-909
-1163
2300
996
1241
-964
-2318
1159
-1379
-919
2058
-907
-1915
1815
1362
-672
-1472
-2410
2024
-1433
298
-2240
-1530
-2202
1168
-1432
-2450
-893
566
2242
-338
-1763
1845
284
-2264
-1159
-2348
-1109
2434
-2031
-276
1835
-2072
-1376
-317
-322
-940
387
-280
1076
2010
2217
1149
1341
-745
1625
-2422
-2266
2350
1017
256
1054
-1041
1579
2098
1294
1351
693
879
-371
-648
414
-1572
1910
-1325
-2191
-737
2308
120
2023
1098
-246
-1663
-1008
-2166
-1905
978
-71
-343
-1237
691
811
-1126
143
-1535
858
2104
-1023
-1425
-1225
-1833
-831
2460
-1004
1874
175
1203
-126
-631
-603
-238
-1342
2108
-1323
466
-2305
-1392
2034
-1421
-1553
-1619
-1416
-65
173
-1473
649
440
297
342
659
1693
-96
2484
-2232
1287
-1734
-842
1669
1162
1299
1613
2364
-920
-304
-28
-1075
1878
676
765
-411
2150
-470
-269
-125
540
1085
472
1372
-2158
2290
-225
556
729
-1773
1887
1354
421
1808
1189
-556
-2414
870
-1426
-616
-2216
294
-1243
1264
1390
133
1868
2137
766
1164
1220
-1575
-1843
1709
-2332
1395
1480
-388
-2120
-8
-1627
-1071
-1787
2498
2366
-539
1283
-1029
1824
701
2135
2050
499
-2104
-729
-2215
-1958
995
-1299
1848
1347
2336
-2444
-1807
-931
2312
-2465
-189
1137
-801
1525
-1692
-2188
-629
2347
1425
1663
-2122
-496
662
-163
1746
2018
2089
-607
-104
523
-429
-1043
770
1228
1042
394
-2259
2093
-594
-250
-2460
-2168
-1996
2148
-2178
1894
21
918
-1985
2249
-2322
-148
-1125
5
-2006
-1055
-2055
-1478
688
434
-1599
-1877
1580
1371
30
104
1735
1215
2398
1608
1005
1947
668
-1614
1801
280
-1543
-2230
-2409
464
-1168
-302
2306
-1337
-425
775
2243
2426
-573
1627
-2337
-141
-107
2359
-2275
-1817
-305
1350
-377
1574
2479
2432
-1910
-520
-2288
1597
-38
22
-1854
-1214
2044
1906
844
-1716
-259
282
-1828
1594
-1453
-855
-1893
-508
2376
2441
-135
-1596
-2472
-986
-570
1263
-1720
-2105
1493
-6
-900
2072
-513
2161
1895
441
-358
802
-575
1145
229
1292
-1060
318
300
1834
-901
2491
-1686
-1301
1786
1206
-1149
380
-918
-1101
-2313
1569
2053
323
674
527
1114
98
456
1266
519
-1050
1957
-916
-722
-404
-975
-2372
-382
-1498
2423
-384
-1957
1521
554
924
-926
-2293
-1873
-711
1367
-1547
-2126
-1383
-2100
1965
-1286
-956
-215
-1991
1983
52
2016
2388
35
558
1530
248
-1624
1464
1978
-1736
1026
-2406
1244
-880
977
2273
1925
638
-484
-792
1401
-2087
-2195
-2163
-196
1649
-40
-1202
1290
-2498
-2075
2429
2221
-865
1288
-394
373
-337
-1255
677
-2042
2311
-290
-1667
1001
-293
-1114
-1152
2499
176
-2205
-2162
-675
-2382
-601
-1674
-898
-1729
-1191
2449
1784
850
-2381
601
1029
-1137
806
-618
-2421
1956
-286
1470
-1881
-2443
965
-156
620
1951
-2182
-1823
854
1893
-106
1958
54
-162
-897
1202
842
-2326
319
1760
1382
-2243
-1262
-702
-1714
246
2471
-2405
1609
-1258
1106
898
1332
549
-2157
1033
-2103
982
-274
-2389
109
51
1441
-954
-1582
-2325
242
-2078
882
812
1672
-2176
105
-683
-435
381
-2210
522
-2461
410
-747
584
-700
1520
1403
-1357
-1884
-1565
1989
2042
-1981
2163
2367
2494
-1316
-427
1099
-231
-1373
-808
164
-1978
1468
-1911
1584
315
2437
1323
1638
-1839
1865
993
804
59
56
866
-1110
2251
-776
-4
-2262
2191
88
-2214
-1703
1420
-108
-989
-1684
2177
-1810
-48
624
1204
-1942
1913
1417
2041
-1759
-2043
-642
951
-1268
-589
-1693
-2309
-2207
-1157
-541
39
1932
-1550
-267
1
-1761
2482
-789
234
-1701
-1760
-1722
168
-1124
-395
1418
-1377
-391
1945
-835
-396
1478
672
-1267
934
1389
113
1160
-1279
-1260
-1713
-1953
-353
-1411
799
514
552
-2391
-2374
869
1640
992
753
2241
-1926
-2095
-1669
-628
-735
923
-169
-813
1810
1751
-2315
912
-456
-1811
-868
1803
-676
1409
-969
274
1138
586
1826
8
-1976
-1069
-878
1797
-988
-569
1048
-1193
-773
2121
289
376
-1860
-902
-372
-883
-688
-2470
520
-275
-1097
-254
2070
2407
1046
2145
-1074
-1390
-937
473
20
1900
949
-197
-1311
1086
1700
2373
865
-887
-1051
1809
348
-149
2139
-656
-1600
-121
453
-1502
479
-973
1121
-2358
-1629
-1172
1556
-538
450
-1409
1664
2160
-2411
187
2216
1861
1722
511
-383
702
-2081
2175
2353
-2499
-2186
-2279
1031
-440
1262
-334
1112
1037
70
391
1059
1560
2246
-524
2085
-863
817
-1641
-1776
-153
575
-1351
2029
-1821
-2469
-1339
1365
1225
1150
2284
1610
1109
430
-1727
1886
101
715
1723
1498
962
1547
2244
-2099
-1896
-710
-1732
856
2144
-1886
-1608
-1221
1914
-2370
-2329
1088
-205
580
-660
-2026
452
639
1871
-183
-497
1316
-44
821
1948
-1056
-1647
-2291
-2245
1126
-802
-1034
-1154
-736
353
-1515
968
1075
1818
1458
709
-698
-530
1195
-1418
-247
-1213
1604
2307
1996
78
-1789
1258
-207
-982
-1994
1134
-1248
1657
-667
-1737
1429
-1519
316
67
521
667
-176
1045
-1589
1333
-431
2454
-1766
939
-385
1110
-1929
643
-1862
-144
-994
1856
551
706
-2067
218
2011
-1509
-1047
327
-1897
1434
808
24
-1945
2375
-1613
726
-997
796
-1327
1798
2310
755
2039
955
2236
1518
1728
632
-1579
767
1970
-822
2453
2327
1040
1682
192
569
1510
-263
-1504
-109
-319
-506
2255
186
7
496
2061
2346
-634
167
1991
829
-226
142
1380
2276
-287
1027
687
698
-2355
1964
1796
927
-2453
1331
-846
180
-2452
-2327
1924
-1964
-713
578
131
2111
1915
-754
-762
-213
-131
-374
-1231
48
-857
1466
1007
1811
956
1366
417
-1501
-1673
-24
-1397
475
-265
2480
44
2349
-715
-1899
-824
-2359
786
1993
-879
-706
-185
1603
-1556
-1607
-1359
1758
1772
-417
-1853
-2144
395
-1864
-122
1545
-845
-2471
1673
-1704
642
738
-433
-241
-483
2069
768
-1970
2495
589
-1104
1741
777
-1765
-2033
-567
1011
-1639
1136
-441
-593
-794
-934
265
-2057
-2395
2260
-499
267
1563
-1468
1469
-518
-139
2324
231
1271
-1962
900
-1986
-516
-251
-641
-1938
2250
-2231
470
-272
-424
2126
-1525
931
-945
-1385
-939
-1983
2052
1967
975
-2160
2086
2115
451
-2208
1988
-449
-1205
2173
2120
697
692
-1709
-1793
2380
-2442
347
2488
-245
-86
334
-2384
-2209
-1183
-917
1767
1921
-46
-378
2318
1069
1489
-1866
-1791
2291
-58
-2356
-1782
1847
-407
1035
-2074
-1011
807
160
-577
-1518
-1861
-2390
-1998
1450
1265
-2445
1285
-785
-47
-55
1571
-1494
1497
-1541
-2013
259
-76
-2388
-1772
81
1619
136
-1928
-1273
-97
1173
155
-1052
-1236
-2480
1820
-1610
888
1089
-2083
-1574
87
-1312
-1131
2474
1243
-1534
1752
-1947
1553
1596
-1758
-1913
-1592
329
237
-2068
2439
-1079
-1827
2076
1832
-1594
-791
157
-1632
-817
-614
295
789
2220
-620
-1306
-1167
-699
2321
2238
-1455
-369
-1396
2372
2413
-1755
2159
476
-983
-1
1490
-1786
1747
-632
-1835
-2212
-1402
-1816
-852
-1228
1939
1736
699
1293
491
320
-1296
1585
2095
1642
-403
-475
-2367
-1658
-2462
2414
1666
66
-2151
1718
2475
-192
2489
-460
1349
-1874
1208
816
-1794
498
-1969
275
-1293
-526
2014
2091
1969
2013
208
-2101
-364
613
126
-1446
-2115
-1143
313
1690
-2344
-809
-459
1676
-2484
648
-929
2341
-876
-132
484
1765
-2023
-1950
-803
1660
-1391
-849
-725
1124
-1933
-992
-2001
-1870
-1070
-1140
-321
2348
4
-559
-50
-1768
-344
-1482
964
112
249
1620
757
2493
-1503
1522
673
769
-1245
169
287
-2430
-1965
513
-1096
-73
-2449
1885
-1358
596
1725
-471
1754
492
-2454
-2397
-1087
-512
-906
-320
-98
1920
163
2000
433
-850
1221
-2106
652
-758
-200
482
-899
-1085
2328
1415
1334
-179
-844
-1033
-694
-1695
-834
-94
-858
118
1621
-494
-1630
141
-911
-89
561
-1303
9
-416
-2343
2186
1140
2247
389
-1696
40
-685
1641
149
-264
-1560
355
-1920
1943
1491
93
1116
341
-1890
1529
-1657
-1204
-1134
-2047
-2474
489
1531
-1431
2383
-1098
969
1256
707
831
1617
-1336
1595
-750
-119
-2425
1342
1348
-168
-788
-1537
2097
-1371
199
2117
-781
-359
2001
-542
1782
-1617
-1927
371
593
2283
-962
-2020
419
352
-1036
2045
-2050
2450
2062
382
1935
696
-1783
1694
261
2235
1622
312
1028
-689
-210
-1414
159
680
-828
-598
-860
776
1567
-1366
1800
-2271
1639
-1443
281
-2335
635
-2256
102
814
2065
2019
-597
-234
835
1216
71
845
-1769
-1105
2195
-2096
2384
77
1762
732
-884
598
2472
272
-2046
1139
-984
594
-941
-2429
950
-1117
34
2401
357
10
-1283
-2434
-510
-1072
-1217
2430
608
-1381
1516
-1198
-645
-480
-203
754
-85
-1078
-1822
-2116
1618
-468
-445
1205
-1161
2182
-1558
50
716
1679
749
595
779
-1457
209
438
-1090
-1185
375
-547
614
2206
2292
343
370
2002
2149
-582
1519
2124
1416
1806
-1138
424
683
215
-134
-1160
-477
276
1236
-1108
-1318
-266
-406
2022
1302
-1201
1902
-746
-2365
-771
-1800
1842
-1139
851
273
1373
991
-309
895
-2128
-502
314
2140
-1523
-63
2371
214
-1923
-2342
904
-93
-2114
1674
1400
-1291
1151
2451
90
-1739
-1496
-1251
1419
471
-990
-347
1359
1361
-1274
-2292
932
-2027
-2089
1357
226
2248
-2479
2213
-1662
-2021
-172
-891
1781
-1799
121
-1872
1710
508
-1037
-2399
-466
1582
1387
1828
-1314
1928
191
-2349
1979
997
-1082
153
-1353
2466
-1493
230
-587
296
-2092
1821
1339
-2352
1966
-996
-742
1353
1378
-1275
609
397
819
-579
-1601
-157
1840
550
285
-2276
-1524
-1615
148
633
-2097
-1084
-2435
1616
-42
-1744
656
2240
1183
2385
-26
2165
1399
-505
541
733
602
2416
-2045
1863
-1678
-1825
1169
2313
-2248
-2290
-140
1061
-87
1427
-191
1025
-558
1044
-2486
-244
-949
2043
-1116
1555
1057
1102
557
-1993
-1151
-1697
468
-2190
2279
-1203
-298
-123
1261
-1170
-662
907
-1971
1253
1050
2012
1249
2128
252
-355
896
-339
-188
1154
-393
2325
1397
-1719
957
1058
1689
-843
333
-1407
-418
-1129
1540
-819
1305
2035
534
-977
-681
-1232
2335
-972
719
114
-52
-2134
-78
-345
290
2476
2188
-2303
-1757
-397
-137
-1762
-2185
1030
1533
-362
2088
-951
944
2237
-448
597
660
-233
-1529
2288
2199
892
637
-864
-995
-568
2067
-1779
1912
2396
-1412
-2005
1392
-1879
2030
1593
-599
1462
-1656
250
129
-1212
-1218
-2022
-80
-696
-2281
-872
-1027
-1554
-1374
-1857
-708
1851
-2076
-236
1592
-1959
1004
1881
-1935
1384
-561
1743
1079
926
2438
1936
-894
-1951
528
-15
443
1170
-1699
2073
2282
269
1310
1971
2203
-310
-1831
1578
-821
-1186
-1865
727
-770
-1289
1859
-323
254
-2459
-1406
486
1727
-798
-1044
1566
2231
1192
-1960
-1499
-1474
205
459
-439
1077
1179
2269
-1914
-487
1650
682
-1487
1708
-1690
1662
1774
1713
2077
-1980
-481
587
415
-741
1218
-753
-291
-2029
-885
2026
-2241
-1521
-635
-1271
1210
-1812
-1302
-342
1949
-565
207
1907
-2124
-2098
68
983
-1972
-2339
636
-1462
2266
721
-2161
-1404
-1644
-1216
-2218
-1796
-1489
841
857
-57
-143
-553
-1840
-1058
640
1750
184
-13
2102
461
1245
-1061
-514
664
651
1009
-2476
1992
1433
-88
435
165
170
2131
2340
-1681
-1578
-329
-92
116
-1633
847
-1689
-386
832
439
-751
-823
458
-1345
-102
1869
1695
62
-340
-674
2299
1008
203
1817
-161
621
827
2473
820
-1645
-2320
-271
1705
-701
-1746
2262
537
-1107
-546
1564
-1403
2059
1073
988
-1346
606
2316
1238
-2228
1198
-2143
-171
-1803
-2118
1680
-2393
-430
1185
644
17
-1912
2344
756
-18
1587
125
107
2051
655
-2181
-91
2107
-2194
2021
2267
1174
-1094
801
1239
1629
-1940
-2267
-2294
750
-2351
1866
-103
2339
634
1807
-2369
-2222
32
359
2017
1125
332
-469
1776
-1192
1898
-1182
1020
604
-1979
-284
2151
1588
2020
737
-2483
1719
840
-1013
-657
783
-82
222
543
700
1340
1631
919
-2415
2125
576
1284
-1093
-1053
-1767
2301
744
-925
73
-2493
127
-684
-279
-1585
2230
-1788
-2111
-313
2174
89
228
317
392
2403
344
-1467
-216
-350
1507
-1511
-142
1430
1252
-1925
1551
2436
-1226
-1907
2287
-654
-461
2245
545
913
431
-1049
2446
1922
1298
14
-217
264
-2253
-2298
675
2008
-2052
-273
-786
793
-2283
130
868
-1908
2323
-1992
2105
2192
-170
-442
1677
1706
555
710
-619
-30
-1398
1463
-1305
-2090
666
390
-2423
-923
84
-2438
785
-1057
645
100
-498
-1721
378
-740
-2258
1959
-829
-1967
-1006
1080
1771
-1166
-1367
2015
903
-584
-836
-181
-218
-2273
-1542
-536
929
-595
-606
-84
-2015
292
1974
-59
485
233
1412
-1512
-749
-1712
-1369
2215
-2146
2405
1535
-408
630
-2376
538
-352
-2061
-1802
2141
838
694
172
-1194
-294
119
-136
-1628
-2034
-659
-1458
-285
-2148
-2221
310
-1679
-1319
-1507
-1246
524
-1340
-1517
-127
-360
2178
-2417
19
-764
-1533
1812
-521
-2237
-1265
-774
325
-609
-115
661
771
-467
-1829
1336
-1826
407
-623
1487
2271
1214
-1261
2332
448
2370
-1081
-1631
-511
-1238
-1848
-1380
724
-519
-2427
171
1739
-1961
1600
-1612
1428
887
-2008
1984
876
1876
-2117
-68
-41
915
-165
1070
961
562
1612
1352
1973
2368
-194
-146
1002
-892
-640
617
1892
188
2047
1546
-248
-35
-2018
2365
-1728
-1705
-670
-1552
1101
1275
-332
-2296
-1384
-22
-552
-2112
1514
-1646
-1298
-398
-1460
1291
1240
1648
1599
-60
-1682
-474
195
-77
-714
-253
-1818
853
1854
-2440
-1808
-220
2417
-1792
760
-1838
-164
2411
-1263
623
-2263
1941
330
2265
2155
-1147
-535
2133
875
-1389
293
1259
42
751
884
2153
1816
-316
-1609
-1988
-1005
-1463
-2145
-1440
-2364
-928
893
1118
-491
581
837
1368
600
-1671
-1197
-814
1281
-976
-1422
-281
2007
457
2427
1875
-993
1962
1790
1452
257
714
2252
627
2295
-64
-1113
-2297
-120
911
1645
1338
-1974
572
-2159
-1083
1440
-1362
-1805
-2177
2049
-1180
-1178
-1672
-1219
198
2289
1022
1067
-974
-1804
1087
-1636
2071
-306
2408
880
-1677
-1059
-432
-712
1671
-1175
1777
1852
-222
-924
-1522
1668
2259
-1514
1471
1479
-1943
1960
684
-1505
-2149
-772
-1413
384
734
33
-2252
2003
-1748
-1931
-2314
1133
-1039
-2488
1543
-1904
-1798
455
611
1908
665
-2079
1369
-1555
-638
-946
1495
1883
2040
629
-1190
-2491
-31
369
-1146
1453
-1708
506
713
-252
243
-311
-1730
-409
-1741
-1199
-2278
-1164
-1650
1282
1072
2170
-419
2381
-3
599
-1480
-2448
-5
-2002
-255
-691
-1415
-1387
-1588
-1063
-10
-1531
-1917
-1022
-2475
-2113
1330
2391
1250
-952
1194
-249
-1655
2184
2363
2122
-331
-2361
1060
1012
2458
262
946
1132
-1834
560
-591
1095
-2456
2172
815
-1891
-327
-455
1043
-390
-118
174
-2082
-2239
-375
1476
2208
-1307
908
-173
902
-963
1213
758
548
-1577
-1797
-2035
1248
2074
-36
-1778
712
-392
-1439
2419
-1977
2084
1501
-1548
1131
641
-114
1805
1199
1300
-1868
247
-387
1634
38
-1516
-2077
-830
1379
-1583
1108
41
2459
1872
1813
1146
-2306
2333
-1894
-2147
-2432
-800
1968
-1476
-1875
413
436
-1142
2130
-1659
1646
-1603
-807
1049
1052
781
-960
408
1687
1251
2270
-1698
1636
1931
-1680
-1257
-83
-2109
1901
671
-2000
-544
-2004
-1567
-778
-1295
-1092
914
2232
223
998
1246
446
805
-1563
2078
43
-967
2048
-2123
2386
-1330
-1878
1986
1484
2342
-1089
2400
-2375
-1706
1953
158
1176
790
-2387
-1871
1500
-1675
2331
2409
-2201
2394
-1254
99
1065
1864
-150
-2282
1410
1165
18
2180
-790
-1898
-1726
-2330
-647
-1118
1178
-797
-2137
-376
2258
-1370
25
-2398
1474
227
-1328
-543
31
-256
-1941
2154
365
2455
-2058
-1278
-1014
-805
2228
-1046
1317
-527
1277
-2024
-987
-2204
1508
1320
2469
-1352
1749
-765
372
690
92
1142
-548
-549
2158
1034
55
1268
795
1787
-2224
204
-1388
-1775
354
-1694
-2184
-1065
607
891
85
-2155
-2131
1688
409
1562
1517
618
-2400
-617
1119
-744
-1990
-437
-11
1321
612
897
1896
2404
2081
194
-2235
-1932
1783
-2249
-1150
47
-1122
574
1745
872
324
-1568
110
2315
-690
-99
-1321
1447
-862
-930
1891
216
1274
1319
2211
-2041
1888
-2189
1187
1186
345
-2234
2320
-1000
-1448
-1987
-2056
1388
-105
144
2356
-2386
-1506
-1665
780
-560
2445
-66
-1532
-2380
-562
-1461
764
-1819
-1949
-1017
-866
45
1496
1337
565
72
385
103
1704
322
657
1934
-1331
2037
-509
-45
-2311
1411
-555
1559
1884
-489
-1485
1322
-1174
745
1937
2146
-933
1328
2278
1467
-2354
-2451
460
1311
-611
463
1740
2138
2147
2286
1477
2207
1023
-1963
2486
899
1175
-1133
1267
1408
2200
1877
1068
1938
6
1770
2443
1570
504
481
-1395
-1200
1157
-1062
1006
-1883
-1012
1229
-1937
212
147
-400
-1112
590
-1882
-180
-1148
379
2046
2096
-33
1916
-1595
-457
984
-1815
-1048
-354
-564
1123
1583
-1386
2079
-1742
219
-1399
1794
1329
1457
-186
-760
-1824
-1368
-1900
447
-2280
-158
-540
940
-472
-277
-2336
-533
-2495
-1244
516
-978
-1604
-2133
798
-479
393
752
863
-889
-32
-2025
1715
79
1459
-1100
1370
-671
1952
-232
2005
1344
-720
-1206
2463
2112
-796
-1795
-1885
2452
1655
1424
-1176
-557
2198
